$MeshFormat
2.2 0 8
$EndMeshFormat
$Nodes
525
1 0 0 0
2 1 0 0
3 1 1 0
4 0 1 0
5 0.09999999999981467 0 0
6 0.1999999999995579 0 0
7 0.2999999999992664 0 0
8 0.3999999999989749 0 0
9 0.4999999999986943 0 0
10 0.5999999999989468 0 0
11 0.69999999999921 0 0
12 0.7999999999994734 0 0
13 0.8999999999997368 0 0
14 0.04999999999989927 0 0
15 0.1499999999997036 0 0
16 0.2499999999994121 0 0
17 0.3499999999991207 0 0
18 0.4499999999988346 0 0
19 0.5499999999988205 0 0
20 0.6499999999990784 0 0
21 0.7499999999993416 0 0
22 0.8499999999996051 0 0
23 0.9499999999998684 0 0
24 1 0.09999999999981467 0
25 1 0.1999999999995579 0
26 1 0.2999999999992664 0
27 1 0.3999999999989749 0
28 1 0.4999999999986943 0
29 1 0.5999999999989468 0
30 1 0.69999999999921 0
31 1 0.7999999999994734 0
32 1 0.8999999999997368 0
33 1 0.04999999999989927 0
34 1 0.1499999999997036 0
35 1 0.2499999999994121 0
36 1 0.3499999999991207 0
37 1 0.4499999999988346 0
38 1 0.5499999999988205 0
39 1 0.6499999999990784 0
40 1 0.7499999999993416 0
41 1 0.8499999999996051 0
42 1 0.9499999999998684 0
43 0.8999999999995836 1 0
44 0.7999999999999998 1 0
45 0.7000000000006934 1 0
46 0.6000000000013869 1 0
47 0.5000000000020587 1 0
48 0.4000000000016644 1 0
49 0.3000000000012483 1 0
50 0.2000000000008322 1 0
51 0.100000000000416 1 0
52 0.9499999999998356 1 0
53 0.8499999999998515 1 0
54 0.7500000000003858 1 0
55 0.6500000000010593 1 0
56 0.5500000000016854 1 0
57 0.4500000000018616 1 0
58 0.3500000000014563 1 0
59 0.2500000000010403 1 0
60 0.1500000000006241 1 0
61 0.05000000000020799 1 0
62 0 0.8999999999995836 0
63 0 0.7999999999999998 0
64 0 0.7000000000006934 0
65 0 0.6000000000013869 0
66 0 0.5000000000020587 0
67 0 0.4000000000016644 0
68 0 0.3000000000012483 0
69 0 0.2000000000008322 0
70 0 0.100000000000416 0
71 0 0.9499999999998356 0
72 0 0.8499999999998515 0
73 0 0.7500000000003858 0
74 0 0.6500000000010593 0
75 0 0.5500000000016854 0
76 0 0.4500000000018616 0
77 0 0.3500000000014563 0
78 0 0.2500000000010403 0
79 0 0.1500000000006241 0
80 0 0.05000000000020799 0
81 0.5 0.5 0
82 0.7071428571428752 0.7071428571428401 0
83 0.292857142857163 0.7071428571428829 0
84 0.7071428571428393 0.2928571428571245 0
85 0.2928571428571166 0.2928571428571638 0
86 0.49699968040118 0.7848800793697628 0
87 0.2151199206302399 0.4969996804011856 0
88 0.7848800793697341 0.5030003195988224 0
89 0.5030003195988173 0.2151199206302686 0
90 0.829497354497414 0.8294973544973363 0
91 0.1705026455026733 0.8294973544974497 0
92 0.8294973544972866 0.1705026455025708 0
93 0.1705026455025349 0.1705026455027228 0
94 0.640710112639327 0.8488660690838694 0
95 0.1511339309161314 0.640710112639334 0
96 0.3592052746310418 0.8481751902264413 0
97 0.8481751902263315 0.6407947253690727 0
98 0.8488660690839257 0.3592898873606543 0
99 0.1518248097735569 0.3592052746310573 0
100 0.359289887360648 0.1511339309160751 0
101 0.6407947253690574 0.1518248097736666 0
102 0.5669860627177819 0.6401567944250817 0
103 0.3639360530549316 0.5720108710844389 0
104 0.640156794425081 0.4330139372822172 0
105 0.4317691437943251 0.3564328676413127 0
106 0.4315872180136938 0.6595278631988935 0
107 0.6661733647266972 0.5586987495249733 0
108 0.3457376867591684 0.4345313304880075 0
109 0.5586987495249669 0.3338266352733065 0
110 0.4604652914507275 0.8903241140725424 0
111 0.1096758859274591 0.4604652914507328 0
112 0.8903241140724609 0.5395347085494732 0
113 0.5395347085494682 0.1096758859275405 0
114 0.7390736031440465 0.9023348642130155 0
115 0.09766513578698902 0.7390736031440744 0
116 0.9023348642130203 0.2609263968558969 0
117 0.260926396855869 0.09766513578698408 0
118 0.9005590740427145 0.7403047640902881 0
119 0.2596952359098001 0.9005590740428264 0
120 0.7403047640902635 0.09944092595728007 0
121 0.09944092595716837 0.2596952359098248 0
122 0.6041206249238611 0.7452829717179744 0
123 0.2557478785835854 0.6077794250775408 0
124 0.7452829717180284 0.3958793750761198 0
125 0.3958793750761136 0.2547170282819742 0
126 0.3934068318485569 0.7464813642542797 0
127 0.7473120519452108 0.6053789140938055 0
128 0.2541768294904769 0.3937748459078564 0
129 0.6053789140937945 0.2526879480547886 0
130 0.9001218934945729 0.9001218934945733 0
131 0.09987810650541903 0.9001218934945807 0
132 0.9001218934945625 0.09987810650543673 0
133 0.09987810650542893 0.09987810650542965 0
134 0.5690795758194069 0.9167792112837924 0
135 0.08322078871620856 0.56907957581941 0
136 0.9167792112837907 0.4309204241808256 0
137 0.4309204241808227 0.08322078871621014 0
138 0.7934133920321222 0.7207306519691901 0
139 0.2790669723545777 0.7932749440837036 0
140 0.7207306519691723 0.206586607967867 0
141 0.2068347548737452 0.2791283080311434 0
142 0.7277938243381869 0.8012652966217981 0
143 0.1987347033782311 0.7277938243383418 0
144 0.8012652966217936 0.2722061756617718 0
145 0.2722061756616174 0.1987347033782355 0
146 0.4871850116388043 0.5893512154037218 0
147 0.5803268259738074 0.5411241892242508 0
148 0.4096773265454885 0.491135371445602 0
149 0.5549180143374142 0.4268010624582881 0
150 0.6502321034884501 0.6400172180368688 0
151 0.3538586779068587 0.6543708124739787 0
152 0.6424993192059415 0.3480475726622802 0
153 0.3470158314432938 0.3546273889992878 0
154 0.6497726583209722 0.9335960289161355 0
155 0.0664039710838658 0.6497726583209798 0
156 0.9335960289161474 0.3502273416791236 0
157 0.3502273416791162 0.06640397108385386 0
158 0.9278116756683015 0.6441268396013982 0
159 0.6441268396013892 0.07218832433169742 0
160 0.3558731603988964 0.927811675668362 0
161 0.07218832433163684 0.3558731603989055 0
162 0.8201017201097204 0.9200285942774967 0
163 0.07997140572249425 0.8201017201097339 0
164 0.9200285942774354 0.1798982798902575 0
165 0.1798982798902443 0.07997140572255566 0
166 0.9200285942777351 0.8201017201098527 0
167 0.8201017201098352 0.07997140572227604 0
168 0.1798982798901033 0.9200285942778361 0
169 0.07997140572217544 0.1798982798901216 0
170 0.5077206954042229 0.6985090438889192 0
171 0.3021029570484977 0.5086892385809004 0
172 0.7122390165456543 0.4954154029833465 0
173 0.4952375753422132 0.2872737923209753 0
174 0.5542750570469005 0.8372264891055883 0
175 0.1668753040725713 0.559069788707486 0
176 0.8372264891055882 0.4457249429531791 0
177 0.4457249429531739 0.1627735108944137 0
178 0.4275192695828765 0.8174651869807565 0
179 0.1826993614554332 0.427611273097708 0
180 0.8176728589034343 0.5721771669027933 0
181 0.5721771669027843 0.1823271410965661 0
182 0.461024257085337 0.4325419913433259 0
183 0.5079711357113756 0.429671526900807 0
184 0.5098615033051519 0.3831843133083163 0
185 0.5568083819311905 0.3803138488657973 0
186 0.9500609467472813 0.0999390532526257 0
187 0.9500609467472813 0.04993905325271836 0
188 0.0999390532526218 0.04993905325271483 0
189 0.04993905325271447 0.04993905325271483 0
190 0.9000609467470783 0.9500609467472867 0
191 0.9500609467472865 0.9500609467472867 0
192 0.04993905325270952 0.9000609467470822 0
193 0.04993905325270952 0.9500609467472904 0
194 0.9000609467471497 0.04993905325271836 0
195 0.04993905325271447 0.09993905325292282 0
196 0.9500609467472865 0.900060946747155 0
197 0.09993905325291751 0.9500609467472904 0
198 0.446396700439831 0.3944874294923193 0
199 0.495233946659646 0.3451297514573096 0
200 0.4696539567089584 0.6790184535439063 0
201 0.4505637636263899 0.7224952040715995 0
202 0.4124970249311253 0.7030046137265866 0
203 0.6892061906361757 0.52705707625416 0
204 0.7297755342454325 0.5503971585385761 0
205 0.706742708335954 0.5820388318093894 0
206 0.323920321903833 0.471610284534454 0
207 0.2781398932694873 0.4512320422443784 0
208 0.2999572581248227 0.414153088197932 0
209 0.52696816243359 0.3105502137971409 0
210 0.5503082447180039 0.269980870187882 0
211 0.5820388318093808 0.2932572916640476 0
212 0.3868066898002101 0.5315731212650205 0
213 0.4484311690921464 0.5402432934246619 0
214 0.425560532346868 0.5806810432440803 0
215 0.459386114826249 0.6244395393013076 0
216 0.3977616355343127 0.6157693671416662 0
217 0.6102418101994442 0.487069063253234 0
218 0.5676224201556108 0.4839626258412694 0
219 0.5975374043812476 0.4299074998702526 0
220 0.6531650795758891 0.4958563434035953 0
221 0.6232500953502522 0.5499114693746121 0
222 0.5023601879027015 0.741694561629341 0
223 0.4452032561248684 0.7656807218120212 0
224 0.2586114388393688 0.5028444594910431 0
225 0.2346483750603584 0.445387263154521 0
226 0.7485595479576942 0.4992078612910845 0
227 0.7660960656574725 0.554189616846314 0
228 0.4991189474705153 0.251196856475622 0
229 0.5541896168463059 0.2339039343425286 0
230 0.2034409047498584 0.6242447688584374 0
231 0.2272412909809083 0.6677866247079414 0
232 0.1749343171471813 0.684251968488838 0
233 0.6224153687815941 0.797074520400922 0
234 0.6659572246310239 0.7732741341698863 0
235 0.6842519684887569 0.8250656828528338 0
236 0.3775846312183808 0.2029254795990247 0
237 0.3340427753688655 0.2267258658301048 0
238 0.3157480315111327 0.1749343171471553 0
239 0.797074520400977 0.377584631218387 0
240 0.773274134169911 0.3340427753689458 0
241 0.8250656828528596 0.3157480315112131 0
242 0.2457959231176971 0.7174683407406124 0
243 0.2743025107203742 0.6574611411102118 0
244 0.717468340740531 0.7542040768823191 0
245 0.6556317410333681 0.7262129144304073 0
246 0.282531659259367 0.2457959231176997 0
247 0.3443682589666151 0.273787085569569 0
248 0.7542040768823164 0.2825316592594481 0
249 0.7262129144304339 0.3443682589666222 0
250 0.8207942911292269 0.6807626886691314 0
251 0.7703627219886665 0.6630547830314978 0
252 0.7977436210857711 0.6230868197314391 0
253 0.3191361234928097 0.8207250671550724 0
254 0.3362369021015673 0.7698781541689916 0
255 0.3763060532397993 0.7973282772403605 0
256 0.6807626886691148 0.1792057088707668 0
257 0.6630547830314835 0.2296372780113278 0
258 0.6230868197314259 0.2022563789142276 0
259 0.179329782323651 0.3191667913311004 0
260 0.230505792182111 0.3364515769694999 0
261 0.2030008196320169 0.3764900602694569 0
262 0.4033809719222527 0.4335366609156667 0
263 0.3887534152767467 0.3954820990646601 0
264 0.4302326457261959 0.9451620570362712 0
265 0.4802326457263931 0.9451620570362712 0
266 0.05483794296372953 0.4302326457261986 0
267 0.05483794296372953 0.4802326457263958 0
268 0.9451620570362305 0.56976735427421 0
269 0.9451620570362305 0.5197673542740837 0
270 0.5697673542742074 0.05483794296377023 0
271 0.5197673542740813 0.05483794296377023 0
272 0.9639058378341507 0.6220634198001724 0
273 0.9090678948703812 0.5918307740754356 0
274 0.622063419800168 0.03609416216584871 0
275 0.5918307740754287 0.09093210512961894 0
276 0.3779365802002804 0.9639058378341809 0
277 0.408169225924812 0.9090678948704523 0
278 0.03609416216581842 0.3779365802002849 0
279 0.09093210512954794 0.4081692259248192 0
280 0.6761979054853676 0.4642146701327818 0
281 0.4635033595682692 0.321853329981144 0
282 0.7272274545440429 0.6562608856183227 0
283 0.7502781245874988 0.7139367545560151 0
284 0.3431319873528599 0.7268121106985813 0
285 0.2859620576058704 0.7502089006132933 0
286 0.656260885618317 0.2727725454559565 0
287 0.7139367545560058 0.2497218754124958 0
288 0.2735169861737967 0.3433159943825101 0
289 0.2498459488654309 0.2859927254441536 0
290 0.3927229479602762 0.6569493378364361 0
291 0.3588973654808951 0.6131908417792088 0
292 0.3463767591012311 0.3945793597436477 0
293 0.3893924876188094 0.3555301283203002 0
294 0.4353507918154128 0.461838681394464 0
295 0.3777075066523284 0.4628333509668048 0
296 0.4935925058194022 0.5446756077018609 0
297 0.4548386632727443 0.495567685722801 0
298 0.5274590071687071 0.463400531229144 0
299 0.5401634129869037 0.5205620946121254 0
300 0.8692496521493962 0.590164716959273 0
301 0.8879934329473165 0.6424607824852354 0
302 0.5901647169592628 0.1307503478506036 0
303 0.6424607824852233 0.112006567052682 0
304 0.4098352830408846 0.8692496521494919 0
305 0.3575392175149691 0.8879934329474016 0
306 0.130750347850508 0.4098352830408951 0
307 0.1120065670525968 0.3575392175149814 0
308 0.71953680157237 0.9511674321065078 0
309 0.7695368015720232 0.9511674321065078 0
310 0.04883256789349451 0.719536801572384 0
311 0.04883256789349451 0.7695368015720372 0
312 0.9511674321065102 0.2804631984275817 0
313 0.9511674321065102 0.2304631984277274 0
314 0.2804631984275677 0.04883256789349204 0
315 0.2304631984277134 0.04883256789349204 0
316 0.9502795370213573 0.7701523820448808 0
317 0.9502795370213573 0.7201523820447491 0
318 0.7701523820448684 0.04972046297864004 0
319 0.7201523820447368 0.04972046297864004 0
320 0.2298476179553161 0.9502795370214132 0
321 0.2798476179555242 0.9502795370214132 0
322 0.04972046297858419 0.2298476179553285 0
323 0.04972046297858419 0.2798476179555365 0
324 0.5147724336350672 0.9035516626781674 0
325 0.5345397879107328 0.9583896056418961 0
326 0.09644833732183381 0.5147724336350714 0
327 0.04161039435810428 0.5345397879107343 0
328 0.9035516626781258 0.4852275663651494 0
329 0.9583896056418954 0.4654602120897599 0
330 0.4852275663651454 0.0964483373218753 0
331 0.4654602120897585 0.04161039435810507 0
332 0.874367132134523 0.6905497447296805 0
333 0.8469862330374184 0.7305177080297391 0
334 0.3094502552704209 0.8743671321346338 0
335 0.2693811041321889 0.846917009063265 0
336 0.6905497447296605 0.1256328678654733 0
337 0.7305177080297178 0.1530137669625736 0
338 0.1256328678653626 0.309450255270441 0
339 0.1531378404154568 0.2694117719704841 0
340 0.5256373687240403 0.8110532842376755 0
341 0.5073701742488139 0.8637753015890654 0
342 0.4787324859259537 0.8376020967211526 0
343 0.1909976123514056 0.5280347345543358 0
344 0.1382755950000152 0.5097675400791094 0
345 0.1623979032788495 0.4787324859259592 0
346 0.8110532842376612 0.4743626312760008 0
347 0.8637753015890246 0.4926298257513261 0
348 0.8376020967210975 0.5212675140741478 0
349 0.4743626312759957 0.1889467157623412 0
350 0.4926298257513211 0.1362246984109771 0
351 0.5212675140741427 0.1623979032789046 0
352 0.6086090831031159 0.6400870062309753 0
353 0.6271763642061556 0.6926500948774217 0
354 0.5855533438208215 0.692719883071528 0
355 0.304803278245222 0.6310751187757597 0
356 0.3098419658192585 0.5898951480809899 0
357 0.6413280568155113 0.3905307549722487 0
358 0.6938911454619849 0.3719634738692 0
359 0.6927198830715546 0.4144466561791684 0
360 0.3714476032597037 0.304672208640631 0
361 0.4138242594352193 0.3055749479616434 0
362 0.7842854788207303 0.8659161093551759 0
363 0.7334337137411167 0.8518000804174069 0
364 0.7786455894178004 0.8153813255595672 0
365 0.1340838906448312 0.7842854788207621 0
366 0.1481999195826101 0.7334337137412081 0
367 0.1846186744404522 0.7786455894178957 0
368 0.8659161093551535 0.2157145211792338 0
369 0.851800080417407 0.2665662862588344 0
370 0.8153813255595401 0.2213544105821713 0
371 0.215714521179202 0.1340838906448535 0
372 0.2665662862587432 0.1481999195826098 0
373 0.2213544105820761 0.1846186744404792 0
374 0.6786874803156626 0.6735800375898544 0
375 0.3233579103820108 0.6807568348084307 0
376 0.6748210881743904 0.3204523577597024 0
377 0.3199364871502052 0.3237422659282258 0
378 0.5736564443457946 0.5906404918246662 0
379 0.6152794647311287 0.5905707036305599 0
380 0.6582027341075736 0.5993579837809211 0
381 0.5987086667716779 0.3874243175602842 0
382 0.6005990343654541 0.3409371039677934 0
383 0.5845397879103969 0.9583896056418961 0
384 0.04161039435810428 0.5845397879103984 0
385 0.9583896056418954 0.4154602120899003 0
386 0.4154602120898988 0.04161039435810507 0
387 0.4622594749920282 0.8011726331752597 0
388 0.4104630507157167 0.7819732756175182 0
389 0.8012764691365842 0.5375887432508079 0
390 0.7824924554243226 0.5887780404982994 0
391 0.1989096410428365 0.4623054767494468 0
392 0.218438095472955 0.4106930595027822 0
393 0.5375887432508009 0.1987235308634174 0
394 0.5887780404982894 0.2175075445756773 0
395 0.7795876616268834 0.9111817292452561 0
396 0.8100508600548602 0.9600142971387484 0
397 0.08881827075474164 0.7795876616269042 0
398 0.03998570286124713 0.8100508600548668 0
399 0.9111817292452279 0.2204123383730772 0
400 0.9600142971387178 0.1899491399449077 0
401 0.2204123383730567 0.08881827075476986 0
402 0.1899491399449011 0.03998570286127783 0
403 0.9600142971388676 0.810050860054663 0
404 0.9102938341602248 0.7802032421000704 0
405 0.8100508600546543 0.03998570286113802 0
406 0.7802032421000493 0.08970616583977806 0
407 0.1899491399454678 0.9600142971389181 0
408 0.2197967578999517 0.9102938341603313 0
409 0.03998570286108772 0.1899491399454769 0
410 0.08970616583967191 0.2197967578999732 0
411 0.1243995333515602 0.6898918578917042 0
412 0.6898918578916867 0.8756004666484425 0
413 0.3101081421082585 0.1243995333515296 0
414 0.875600466648473 0.3101081421082756 0
415 0.8114553732647681 0.7751140032332632 0
416 0.8650282142700643 0.7849010592938122 0
417 0.2247848089286255 0.8113861492905766 0
418 0.2150989407062367 0.865028214270138 0
419 0.7751140032332294 0.1885446267352189 0
420 0.7849010592937751 0.1349717857299254 0
421 0.18866870018814 0.2248154767669331 0
422 0.1349717857298516 0.2150989407062738 0
423 0.9600142971387178 0.1399491399450361 0
424 0.8600508600546519 0.9600142971387484 0
425 0.1399491399450295 0.03998570286127783 0
426 0.03998570286124713 0.8600508600546588 0
427 0.9600142971388676 0.8600508600547947 0
428 0.860050860054786 0.03998570286113802 0
429 0.1399491399452597 0.9600142971389181 0
430 0.03998570286108772 0.1399491399452688 0
431 0.5616773164331537 0.8770028501946903 0
432 0.1250480463943899 0.564074682263448 0
433 0.8770028501946894 0.4383226835670023 0
434 0.4383226835669983 0.1229971498053119 0
435 0.9100752438859989 0.1398881931978471 0
436 0.1398881931978366 0.08992475611399266 0
437 0.8601118068021467 0.910075243886035 0
438 0.08992475611395664 0.8601118068021574 0
439 0.910075243886154 0.860111806802213 0
440 0.8601118068021989 0.08992475611385639 0
441 0.1398881931977612 0.9100752438862084 0
442 0.08992475611380218 0.1398881931977756 0
443 0.7606036081851546 0.7609979742954941 0
444 0.2389008378664044 0.7605343842110227 0
445 0.7609979742954829 0.2393963918148194 0
446 0.2395204652676813 0.2389315057046895 0
447 0.5559206601640421 0.7218960078034469 0
448 0.5373533790610023 0.6693329191570004 0
449 0.2789254178160415 0.5582343318292207 0
450 0.3330195050517146 0.5403500548326696 0
451 0.7287609941318414 0.4456473890297331 0
452 0.4455584752091634 0.2709954103014748 0
453 0.443992280516802 0.8538946505266495 0
454 0.1461876236914461 0.4440382822742204 0
455 0.3933622721069592 0.8328201886035989 0
456 0.167262085614495 0.3934082738643827 0
457 0.8539984864879476 0.5558559377261332 0
458 0.5558559377261263 0.1460015135120533 0
459 0.8329240245648829 0.606485946135933 0
460 0.6064859461359209 0.1670759754351164 0
461 0.6748863291608328 0.9667980144580677 0
462 0.6944231307325093 0.9179654465645755 0
463 0.0332019855419329 0.6748863291608366 0
464 0.0820345534354274 0.694423130732527 0
465 0.3077841981543483 0.9141853748555942 0
466 0.6452413854801495 0.8912310490000024 0
467 0.1087689509999986 0.6452413854801569 0
468 0.914185374855508 0.6922158018458431 0
469 0.08581462514440261 0.3077841981543651 0
470 0.6922158018458263 0.08581462514448875 0
471 0.3279365802000723 0.9639058378341809 0
472 0.9639058378341507 0.6720634198003042 0
473 0.03609416216581842 0.3279365802000769 0
474 0.6720634198002996 0.03609416216584871 0
475 0.9667980144580737 0.325113670839195 0
476 0.9179654465645839 0.3055768692675103 0
477 0.3251136708391913 0.03320198554192693 0
478 0.3055768692674926 0.08203455343541896 0
479 0.8912310490000366 0.354758614519889 0
480 0.3547586145198821 0.1087689509999645 0
481 0.5505601526625206 0.7650815255438686 0
482 0.2354338996069127 0.5523895527393632 0
483 0.7650815255438812 0.4494398473374711 0
484 0.4494398473374655 0.2349184744561214 0
485 0.4974528535215136 0.6439301296463205 0
486 0.5270855371782931 0.6147540049144018 0
487 0.3558901417969931 0.4999123050132512 0
488 0.8247995373035673 0.8747629743874166 0
489 0.1252370256125838 0.8247995373035918 0
490 0.8747629743875746 0.8247995373035946 0
491 0.8747629743873611 0.1752004626964142 0
492 0.1752004626963883 0.8747629743876428 0
493 0.1752004626963896 0.1252370256126393 0
494 0.8247995373035608 0.1252370256124234 0
495 0.1252370256123552 0.1752004626964222 0
496 0.5974925848431137 0.8430462790947289 0
497 0.5791978409853809 0.7912547304117814 0
498 0.1590046174943514 0.59988995067341 0
499 0.2113115913280784 0.5834246068925134 0
500 0.7912547304118083 0.4208021590146495 0
501 0.8430462790947569 0.4025074151569167 0
502 0.402507415156911 0.1569537209052444 0
503 0.4208021590146438 0.208745269588194 0
504 0.3736327548777078 0.7004260883641291 0
505 0.6987720777168305 0.6226980660653372 0
506 0.3005963304668853 0.3742011174535721 0
507 0.623939116649868 0.3003677603585344 0
508 0.8648096239959935 0.8648096239959549 0
509 0.1351903760040462 0.8648096239960152 0
510 0.8648096239959245 0.1351903760040038 0
511 0.1351903760039819 0.1351903760040762 0
512 0.5337559188063058 0.5652377023139863 0
513 0.6094261170701896 0.9251876200999639 0
514 0.6248863291611795 0.9667980144580677 0
515 0.07481237990003717 0.6094261170701949 0
516 0.0332019855419329 0.6248863291611833 0
517 0.6048948442293669 0.8828226401838308 0
518 0.11717735981617 0.604894844229372 0
519 0.925187620099969 0.3905738829299746 0
520 0.9667980144580737 0.3751136708390492 0
521 0.3905738829299695 0.07481237990003201 0
522 0.3751136708390456 0.03320198554192693 0
523 0.8828226401838581 0.3951051557707399 0
524 0.3951051557707354 0.1171773598161426 0
525 0.4805121285426685 0.466270995671663 0
$EndNodes
$Elements
282
1 8 2 100 1 1 5 14
2 8 2 100 1 5 6 15
3 8 2 100 1 6 7 16
4 8 2 100 1 7 8 17
5 8 2 100 1 8 9 18
6 8 2 100 1 9 10 19
7 8 2 100 1 10 11 20
8 8 2 100 1 11 12 21
9 8 2 100 1 12 13 22
10 8 2 100 1 13 2 23
11 8 2 200 2 2 24 33
12 8 2 200 2 24 25 34
13 8 2 200 2 25 26 35
14 8 2 200 2 26 27 36
15 8 2 200 2 27 28 37
16 8 2 200 2 28 29 38
17 8 2 200 2 29 30 39
18 8 2 200 2 30 31 40
19 8 2 200 2 31 32 41
20 8 2 200 2 32 3 42
21 8 2 300 3 3 43 52
22 8 2 300 3 43 44 53
23 8 2 300 3 44 45 54
24 8 2 300 3 45 46 55
25 8 2 300 3 46 47 56
26 8 2 300 3 47 48 57
27 8 2 300 3 48 49 58
28 8 2 300 3 49 50 59
29 8 2 300 3 50 51 60
30 8 2 300 3 51 4 61
31 8 2 400 4 4 62 71
32 8 2 400 4 62 63 72
33 8 2 400 4 63 64 73
34 8 2 400 4 64 65 74
35 8 2 400 4 65 66 75
36 8 2 400 4 66 67 76
37 8 2 400 4 67 68 77
38 8 2 400 4 68 69 78
39 8 2 400 4 69 70 79
40 8 2 400 4 70 1 80
41 9 2 10 12 149 182 109 183 184 185
42 9 2 10 12 2 24 132 33 186 187
43 9 2 10 12 1 5 133 14 188 189
44 9 2 10 12 3 43 130 52 190 191
45 9 2 10 12 4 62 131 71 192 193
46 9 2 10 12 2 132 13 187 194 23
47 9 2 10 12 1 133 70 189 195 80
48 9 2 10 12 3 130 32 191 196 42
49 9 2 10 12 4 131 51 193 197 61
50 9 2 10 12 109 182 105 184 198 199
51 9 2 10 12 106 170 126 200 201 202
52 9 2 10 12 107 172 127 203 204 205
53 9 2 10 12 108 171 128 206 207 208
54 9 2 10 12 109 173 129 209 210 211
55 9 2 10 12 103 148 146 212 213 214
56 9 2 10 12 103 146 106 214 215 216
57 9 2 10 12 104 147 149 217 218 219
58 9 2 10 12 104 107 147 220 221 217
59 9 2 10 12 170 86 126 222 223 201
60 9 2 10 12 171 87 128 224 225 207
61 9 2 10 12 172 88 127 226 227 204
62 9 2 10 12 173 89 129 228 229 210
63 9 2 10 12 95 123 143 230 231 232
64 9 2 10 12 94 122 142 233 234 235
65 9 2 10 12 100 125 145 236 237 238
66 9 2 10 12 98 124 144 239 240 241
67 9 2 10 12 83 143 123 242 231 243
68 9 2 10 12 82 142 122 244 234 245
69 9 2 10 12 85 145 125 246 237 247
70 9 2 10 12 84 144 124 248 240 249
71 9 2 10 12 97 138 127 250 251 252
72 9 2 10 12 96 139 126 253 254 255
73 9 2 10 12 101 140 129 256 257 258
74 9 2 10 12 99 141 128 259 260 261
75 9 2 10 12 105 182 108 198 262 263
76 9 2 10 12 47 48 110 57 264 265
77 9 2 10 12 66 67 111 76 266 267
78 9 2 10 12 28 29 112 38 268 269
79 9 2 10 12 9 10 113 19 270 271
80 9 2 10 12 29 158 112 272 273 268
81 9 2 10 12 10 159 113 274 275 270
82 9 2 10 12 48 160 110 276 277 264
83 9 2 10 12 67 161 111 278 279 266
84 9 2 10 12 104 172 107 280 203 220
85 9 2 10 12 105 173 109 281 209 199
86 9 2 10 12 82 127 138 282 251 283
87 9 2 10 12 83 126 139 284 254 285
88 9 2 10 12 84 129 140 286 257 287
89 9 2 10 12 85 128 141 288 260 289
90 9 2 10 12 103 106 151 216 290 291
91 9 2 10 12 105 108 153 263 292 293
92 9 2 10 12 108 182 148 262 294 295
93 9 2 10 12 81 146 148 296 213 297
94 9 2 10 12 81 149 147 298 218 299
95 9 2 10 12 97 112 158 300 273 301
96 9 2 10 12 101 113 159 302 275 303
97 9 2 10 12 96 110 160 304 277 305
98 9 2 10 12 99 111 161 306 279 307
99 9 2 10 12 44 45 114 54 308 309
100 9 2 10 12 63 64 115 73 310 311
101 9 2 10 12 25 26 116 35 312 313
102 9 2 10 12 6 7 117 16 314 315
103 9 2 10 12 30 31 118 40 316 317
104 9 2 10 12 11 12 120 21 318 319
105 9 2 10 12 49 50 119 59 320 321
106 9 2 10 12 68 69 121 78 322 323
107 9 2 10 12 47 110 134 265 324 325
108 9 2 10 12 66 111 135 267 326 327
109 9 2 10 12 28 112 136 269 328 329
110 9 2 10 12 9 113 137 271 330 331
111 9 2 10 12 97 118 138 332 333 250
112 9 2 10 12 96 119 139 334 335 253
113 9 2 10 12 101 120 140 336 337 256
114 9 2 10 12 99 121 141 338 339 259
115 9 2 10 12 86 174 110 340 341 342
116 9 2 10 12 87 175 111 343 344 345
117 9 2 10 12 88 176 112 346 347 348
118 9 2 10 12 89 177 113 349 350 351
119 9 2 10 12 102 150 122 352 353 354
120 9 2 10 12 103 151 123 291 355 356
121 9 2 10 12 104 152 124 357 358 359
122 9 2 10 12 105 153 125 293 360 361
123 9 2 10 12 90 114 142 362 363 364
124 9 2 10 12 91 115 143 365 366 367
125 9 2 10 12 92 116 144 368 369 370
126 9 2 10 12 93 117 145 371 372 373
127 9 2 10 12 82 122 150 245 353 374
128 9 2 10 12 83 123 151 243 355 375
129 9 2 10 12 84 124 152 249 358 376
130 9 2 10 12 85 125 153 247 360 377
131 9 2 10 12 102 147 150 378 379 352
132 9 2 10 12 107 150 147 380 379 221
133 9 2 10 12 104 149 152 219 381 357
134 9 2 10 12 109 152 149 382 381 185
135 9 2 10 12 46 47 134 56 325 383
136 9 2 10 12 65 66 135 75 327 384
137 9 2 10 12 27 28 136 37 329 385
138 9 2 10 12 8 9 137 18 331 386
139 9 2 10 12 86 178 126 387 388 223
140 9 2 10 12 88 180 127 389 390 227
141 9 2 10 12 87 179 128 391 392 225
142 9 2 10 12 89 181 129 393 394 229
143 9 2 10 12 44 114 162 309 395 396
144 9 2 10 12 63 115 163 311 397 398
145 9 2 10 12 25 116 164 313 399 400
146 9 2 10 12 6 117 165 315 401 402
147 9 2 10 12 31 166 118 403 404 316
148 9 2 10 12 12 167 120 405 406 318
149 9 2 10 12 50 168 119 407 408 320
150 9 2 10 12 69 169 121 409 410 322
151 9 2 10 12 95 143 115 232 366 411
152 9 2 10 12 94 142 114 235 363 412
153 9 2 10 12 100 145 117 238 372 413
154 9 2 10 12 98 144 116 241 369 414
155 9 2 10 12 90 138 118 415 333 416
156 9 2 10 12 91 139 119 417 335 418
157 9 2 10 12 92 140 120 419 337 420
158 9 2 10 12 93 141 121 421 339 422
159 9 2 10 12 24 25 164 34 400 423
160 9 2 10 12 43 44 162 53 396 424
161 9 2 10 12 5 6 165 15 402 425
162 9 2 10 12 62 63 163 72 398 426
163 9 2 10 12 31 32 166 41 427 403
164 9 2 10 12 12 13 167 22 428 405
165 9 2 10 12 50 51 168 60 429 407
166 9 2 10 12 69 70 169 79 430 409
167 9 2 10 12 110 174 134 341 431 324
168 9 2 10 12 111 175 135 344 432 326
169 9 2 10 12 112 176 136 347 433 328
170 9 2 10 12 113 177 137 350 434 330
171 9 2 10 12 24 164 132 423 435 186
172 9 2 10 12 5 165 133 425 436 188
173 9 2 10 12 43 162 130 424 437 190
174 9 2 10 12 62 163 131 426 438 192
175 9 2 10 12 32 130 166 196 439 427
176 9 2 10 12 13 132 167 194 440 428
177 9 2 10 12 51 131 168 197 441 429
178 9 2 10 12 70 133 169 195 442 430
179 9 2 10 12 90 142 138 364 443 415
180 9 2 10 12 91 143 139 367 444 417
181 9 2 10 12 92 144 140 370 445 419
182 9 2 10 12 93 145 141 373 446 421
183 9 2 10 12 102 122 170 354 447 448
184 9 2 10 12 103 123 171 356 449 450
185 9 2 10 12 104 124 172 359 451 280
186 9 2 10 12 105 125 173 361 452 281
187 9 2 10 12 86 110 178 342 453 387
188 9 2 10 12 87 111 179 345 454 391
189 9 2 10 12 96 178 110 455 453 304
190 9 2 10 12 99 179 111 456 454 306
191 9 2 10 12 88 112 180 348 457 389
192 9 2 10 12 89 113 181 351 458 393
193 9 2 10 12 97 180 112 459 457 300
194 9 2 10 12 101 181 113 460 458 302
195 9 2 10 12 45 154 114 461 462 308
196 9 2 10 12 64 155 115 463 464 310
197 9 2 10 12 96 160 119 305 465 334
198 9 2 10 12 94 114 154 412 462 466
199 9 2 10 12 95 115 155 411 464 467
200 9 2 10 12 97 158 118 301 468 332
201 9 2 10 12 99 161 121 307 469 338
202 9 2 10 12 101 159 120 303 470 336
203 9 2 10 12 49 119 160 321 465 471
204 9 2 10 12 30 118 158 317 468 472
205 9 2 10 12 68 121 161 323 469 473
206 9 2 10 12 11 120 159 319 470 474
207 9 2 10 12 26 156 116 475 476 312
208 9 2 10 12 7 157 117 477 478 314
209 9 2 10 12 98 116 156 414 476 479
210 9 2 10 12 100 117 157 413 478 480
211 9 2 10 12 86 170 122 222 447 481
212 9 2 10 12 87 171 123 224 449 482
213 9 2 10 12 88 172 124 226 451 483
214 9 2 10 12 89 173 125 228 452 484
215 9 2 10 12 102 170 146 448 485 486
216 9 2 10 12 106 146 170 215 485 200
217 9 2 10 12 103 171 148 450 487 212
218 9 2 10 12 108 148 171 295 487 206
219 9 2 10 12 90 162 114 488 395 362
220 9 2 10 12 91 163 115 489 397 365
221 9 2 10 12 90 118 166 416 404 490
222 9 2 10 12 92 164 116 491 399 368
223 9 2 10 12 91 119 168 418 408 492
224 9 2 10 12 93 165 117 493 401 371
225 9 2 10 12 92 120 167 420 406 494
226 9 2 10 12 93 121 169 422 410 495
227 9 2 10 12 94 174 122 496 497 233
228 9 2 10 12 86 122 174 481 497 340
229 9 2 10 12 95 175 123 498 499 230
230 9 2 10 12 87 123 175 482 499 343
231 9 2 10 12 88 124 176 483 500 346
232 9 2 10 12 98 176 124 501 500 239
233 9 2 10 12 100 177 125 502 503 236
234 9 2 10 12 89 125 177 484 503 349
235 9 2 10 12 106 126 151 202 504 290
236 9 2 10 12 83 151 126 375 504 284
237 9 2 10 12 107 127 150 205 505 380
238 9 2 10 12 82 150 127 374 505 282
239 9 2 10 12 108 128 153 208 506 292
240 9 2 10 12 109 129 152 211 507 382
241 9 2 10 12 85 153 128 377 506 288
242 9 2 10 12 84 152 129 376 507 286
243 9 2 10 12 82 138 142 283 443 244
244 9 2 10 12 83 139 143 285 444 242
245 9 2 10 12 84 140 144 287 445 248
246 9 2 10 12 85 141 145 289 446 246
247 9 2 10 12 90 130 162 508 437 488
248 9 2 10 12 91 131 163 509 438 489
249 9 2 10 12 90 166 130 490 439 508
250 9 2 10 12 91 168 131 492 441 509
251 9 2 10 12 92 132 164 510 435 491
252 9 2 10 12 92 167 132 494 440 510
253 9 2 10 12 93 133 165 511 436 493
254 9 2 10 12 93 169 133 495 442 511
255 9 2 10 12 81 147 146 299 512 296
256 9 2 10 12 102 146 147 486 512 378
257 9 2 10 12 46 134 154 383 513 514
258 9 2 10 12 65 135 155 384 515 516
259 9 2 10 12 94 154 134 466 513 517
260 9 2 10 12 95 155 135 467 515 518
261 9 2 10 12 27 136 156 385 519 520
262 9 2 10 12 8 137 157 386 521 522
263 9 2 10 12 98 156 136 479 519 523
264 9 2 10 12 100 157 137 480 521 524
265 9 2 10 12 45 46 154 55 514 461
266 9 2 10 12 64 65 155 74 516 463
267 9 2 10 12 26 27 156 36 520 475
268 9 2 10 12 7 8 157 17 522 477
269 9 2 10 12 29 30 158 39 472 272
270 9 2 10 12 10 11 159 20 474 274
271 9 2 10 12 48 49 160 58 471 276
272 9 2 10 12 67 68 161 77 473 278
273 9 2 10 12 96 126 178 255 388 455
274 9 2 10 12 97 127 180 252 390 459
275 9 2 10 12 99 128 179 261 392 456
276 9 2 10 12 101 129 181 258 394 460
277 9 2 10 12 94 134 174 517 431 496
278 9 2 10 12 95 135 175 518 432 498
279 9 2 10 12 98 136 176 523 433 501
280 9 2 10 12 100 137 177 524 434 502
281 9 2 10 12 81 182 149 525 183 298
282 9 2 10 12 81 148 182 297 294 525
$EndElements
