$MeshFormat
2.2 0 8
$EndMeshFormat
$Nodes
370
1 0 0 0
2 10 0 0
3 10 1 0
4 9 1 0
5 0 1 0
6 0.199999999999856 0 0
7 0.3999999999996677 0 0
8 0.5999999999994683 0 0
9 0.7999999999993286 0 0
10 0.9999999999991888 0 0
11 1.199999999999033 0 0
12 1.399999999998576 0 0
13 1.599999999997992 0 0
14 1.799999999997408 0 0
15 1.999999999996825 0 0
16 2.199999999996241 0 0
17 2.399999999995657 0 0
18 2.599999999995073 0 0
19 2.79999999999449 0 0
20 2.999999999993906 0 0
21 3.199999999993322 0 0
22 3.399999999992738 0 0
23 3.599999999992154 0 0
24 3.799999999991571 0 0
25 3.999999999991022 0 0
26 4.199999999991187 0 0
27 4.399999999991491 0 0
28 4.599999999991795 0 0
29 4.799999999992099 0 0
30 4.999999999992403 0 0
31 5.199999999992706 0 0
32 5.39999999999301 0 0
33 5.599999999993313 0 0
34 5.799999999993618 0 0
35 5.999999999993922 0 0
36 6.199999999994227 0 0
37 6.39999999999453 0 0
38 6.599999999994833 0 0
39 6.799999999995138 0 0
40 6.999999999995442 0 0
41 7.199999999995747 0 0
42 7.39999999999605 0 0
43 7.599999999996353 0 0
44 7.799999999996658 0 0
45 7.999999999996962 0 0
46 8.199999999997266 0 0
47 8.399999999997569 0 0
48 8.599999999997873 0 0
49 8.799999999998176 0 0
50 8.999999999998479 0 0
51 9.199999999998786 0 0
52 9.399999999999089 0 0
53 9.599999999999392 0 0
54 9.799999999999697 0 0
55 10 0.1999999999995579 0
56 10 0.3999999999989749 0
57 10 0.5999999999989468 0
58 10 0.7999999999994734 0
59 9.800000000000001 1 0
60 9.6 1 0
61 9.4 1 0
62 9.199999999999999 1 0
63 8.800000000000763 1 0
64 8.600000000001527 1 0
65 8.40000000000229 1 0
66 8.200000000003053 1 0
67 8.000000000003816 1 0
68 7.80000000000458 1 0
69 7.600000000005343 1 0
70 7.400000000006106 1 0
71 7.200000000006869 1 0
72 7.000000000007632 1 0
73 6.800000000008396 1 0
74 6.600000000009159 1 0
75 6.400000000009922 1 0
76 6.200000000010686 1 0
77 6.000000000011449 1 0
78 5.800000000012212 1 0
79 5.600000000012975 1 0
80 5.400000000013739 1 0
81 5.200000000014502 1 0
82 5.000000000015264 1 0
83 4.800000000016028 1 0
84 4.600000000016792 1 0
85 4.400000000016568 1 0
86 4.200000000015357 1 0
87 4.000000000014145 1 0
88 3.800000000012934 1 0
89 3.600000000011723 1 0
90 3.400000000010511 1 0
91 3.2000000000093 1 0
92 3.000000000008089 1 0
93 2.800000000006878 1 0
94 2.600000000005666 1 0
95 2.400000000004457 1 0
96 2.200000000003247 1 0
97 2.000000000002038 1 0
98 1.800000000000828 1 0
99 1.59999999999962 1 0
100 1.39999999999841 1 0
101 1.199999999997201 1 0
102 0.9999999999962608 1 0
103 0.7999999999969472 1 0
104 0.5999999999977099 1 0
105 0.3999999999984745 1 0
106 0.1999999999992355 1 0
107 0 0.7999999999999998 0
108 0 0.6000000000013869 0
109 0 0.4000000000016644 0
110 0 0.2000000000008322 0
111 0.6947896488759695 0.5099709366854651 0
112 8.900000000000258 0.528327188713338 0
113 8.302249768756086 0.497513351552651 0
114 7.700000000004955 0.5000000000007923 0
115 1.499999999998284 0.5000000000000165 0
116 7.102249768759629 0.502486648448134 0
117 9.485017559276246 0.5163157915666298 0
118 6.502249768761213 0.5024866484482476 0
119 2.097750231243354 0.5024866484473333 0
120 5.902249768762814 0.5024866484483647 0
121 5.302249768764394 0.5024866484484886 0
122 2.697750231243152 0.5024866484469244 0
123 4.725276871503908 0.5058754127642605 0
124 3.299999999993027 0.4999999999984021 0
125 3.90141558506933 0.5194092432206859 0
126 4.3021891796918 0.4209092615519038 0
127 1.102189179688624 0.4209092615462451 0
128 0.3551375885796427 0.6407977992481913 0
129 4.975500767980711 0.3309294212515891 0
130 5.600000000012892 0.3399999999999224 0
131 6.200000000010597 0.3399999999998151 0
132 8.600000000001613 0.6600000000007954 0
133 9.188992284730029 0.6550568290662594 0
134 8.000000000003904 0.660000000000885 0
135 6.800000000008304 0.3399999999997137 0
136 7.400000000006017 0.3399999999996176 0
137 1.773699550724591 0.3317211177803658 0
138 2.399999999995514 0.3399999999992227 0
139 3.599999999992305 0.6599999999999222 0
140 2.999999999993761 0.3399999999990469 0
141 8.005486493014974 0.3379851843074495 0
142 7.405486493020341 0.662014815693435 0
143 6.805486493022593 0.6620148156935066 0
144 8.605486493014046 0.3379851843071997 0
145 6.205486493024852 0.6620148156935752 0
146 5.605486493027112 0.6620148156936481 0
147 5.016666666679695 0.6700000000000114 0
148 9.190753139213328 0.3264239200569148 0
149 2.994513506985974 0.6620148156918826 0
150 3.586829620104351 0.3267691467601234 0
151 2.3945135069854 0.6620148156923318 0
152 1.79950094423541 0.6634857133568666 0
153 0.3148437500000898 0.3148437500005148 0
154 0.9668047639764391 0.6746033174733014 0
155 4.166804763976695 0.6746033174747664 0
156 4.460702179214762 0.6809750074870163 0
157 1.260702179216127 0.6809750074905904 0
158 9.727252238772397 0.3017606771281703 0
159 9.71551699108503 0.6910140289179778 0
160 4.055286655132266 0.2732746871854271 0
161 4.542462053509212 0.2814801599297633 0
162 0.8552631578925654 0.2710526315793488 0
163 1.342462053501373 0.2814801599303187 0
164 0.5759828742139975 0.2648034251566462 0
165 5.299999999992858 0.2400000000010471 0
166 0.6926924837924195 0.8206192308245142 0
167 5.899999999993786 0.2400000000008784 0
168 8.900000000000423 0.7662040714655509 0
169 6.499999999994683 0.2400000000007114 0
170 8.300000000002683 0.7600000000001663 0
171 7.0999999999956 0.2400000000005431 0
172 7.702690845453198 0.7777007820104301 0
173 7.699999999996502 0.2400000000003821 0
174 7.101098430934295 0.7653555871649649 0
175 8.301098430924959 0.2346444128357377 0
176 2.099999999996533 0.2399999999997877 0
177 6.50109843093655 0.7653555871651002 0
178 3.897683321478346 0.8253237058943747 0
179 8.899999999998871 0.175082718533425 0
180 5.901098430938816 0.7653555871652387 0
181 2.699999999994784 0.2399999999995076 0
182 3.300000000009906 0.7599999999992915 0
183 5.301098430941072 0.7653555871653779 0
184 3.29730915454476 0.2222992179893862 0
185 2.698901569078209 0.7653555871639686 0
186 2.098901569075003 0.7653555871642856 0
187 4.716713892664467 0.756657221471552 0
188 1.516713892669437 0.7566572214660001 0
189 9.412751739427458 0.272039581484218 0
190 9.439552238806034 0.7479104477613355 0
191 3.789932565867991 0.2459038354389742 0
192 4.789664740834178 0.2366618722260621 0
193 1.59216754013027 0.2354315849986946 0
194 9.797811998070939 0.4882971425127665 0
195 0.1952690972225046 0.4973524305556742 0
196 0.4926165146379096 0.4393270136617351 0
197 0.4918471337561875 0.807308917198138 0
198 0.2122023809517729 0.7877976190482739 0
199 4.299378097541402 0.1385059468939019 0
200 1.09937809754403 0.1385059468909941 0
201 4.504650264683551 0.4690845246602142 0
202 1.301490655743922 0.4683500980631947 0
203 4.108612670458299 0.4683702666639281 0
204 0.906568377347369 0.4660900349340712 0
205 4.313164530159282 0.8092266530691666 0
206 1.113164530156204 0.8092266530667802 0
207 3.100022445029308 0.8205193456001515 0
208 2.499929041036569 0.8209747526724779 0
209 7.899977554974506 0.1794806543989133 0
210 8.500070958965011 0.1790252473268088 0
211 1.898721013289556 0.822177203732786 0
212 7.300070958973095 0.8209747526739907 0
213 6.70007095897536 0.820974752674037 0
214 6.100070958977628 0.82097475267409 0
215 5.500070958979894 0.820974752674136 0
216 9.290545301346356 0.4852551071145606 0
217 7.912948036531873 0.4966410248471334 0
218 8.51332299798921 0.4962265834389237 0
219 7.313322997994009 0.5037734165613217 0
220 6.713322997995975 0.5037734165612881 0
221 3.087051963467813 0.5033589751522739 0
222 6.113322997997956 0.5037734165612533 0
223 5.513322997999926 0.5037734165612273 0
224 2.486677002009714 0.5037734165606936 0
225 4.916580778102749 0.5095554286310654 0
226 1.888432804453269 0.5049012166342014 0
227 3.723669089853881 0.4639256713457916 0
228 5.501358206364761 0.1829056364214415 0
229 3.707310370672601 0.8234803278488205 0
230 6.101358206364621 0.1829056364213848 0
231 6.701358206364464 0.182905636421338 0
232 7.301358206364326 0.1829056364212879 0
233 9.099117172329169 0.8179719737738498 0
234 8.501358206367119 0.817094363579052 0
235 7.90732557291291 0.8178090686138535 0
236 8.699883517961297 0.8183700478032501 0
237 8.100593918742584 0.8177165517996337 0
238 1.904717544992023 0.1793890416547058 0
239 2.49864179363014 0.1829056364209213 0
240 2.300116482035773 0.1823685321330904 0
241 3.092674427084885 0.182190931386091 0
242 2.899406081255024 0.1822834482002828 0
243 7.49988351795967 0.1823685321332912 0
244 6.899883517959809 0.1823685321333192 0
245 6.299883517959946 0.1823685321333495 0
246 5.699883517960091 0.1823685321333854 0
247 3.501148455500659 0.8183917017082781 0
248 5.101442580715462 0.1789211700251958 0
249 4.887085059216102 0.831350345638055 0
250 8.094697242404664 0.5001571309006601 0
251 8.694384774520469 0.505223696859214 0
252 6.294759735987609 0.4999119426688117 0
253 6.894759735985696 0.4999119426685991 0
254 5.093082856277555 0.5006947122738746 0
255 5.694759735989528 0.4999119426690327 0
256 7.507333333338327 0.5000000000002545 0
257 9.103798594862107 0.5006443782743792 0
258 2.905302757594457 0.4998428690987791 0
259 2.305240264018603 0.4999119426672414 0
260 1.700941093631821 0.5037526194832314 0
261 3.505404708785918 0.4951783384276979 0
262 6.304877848163445 0.8191517592513601 0
263 6.904877848161187 0.8191517592513044 0
264 5.704877848165711 0.8191517592514164 0
265 5.113527708855907 0.8241032285582775 0
266 7.497989627936137 0.8180763446323499 0
267 3.485265791894482 0.1756642159226481 0
268 9.087025892340229 0.171695473676552 0
269 8.697541153687908 0.1740542387919865 0
270 8.104866728629673 0.1809024558766801 0
271 2.295122151847942 0.819151759250824 0
272 2.895133271372718 0.8190975441231352 0
273 1.677487014111269 0.8263670720680694 0
274 0.5807075898087371 0.639131757921735 0
275 1.111037636761914 0.5865199546518223 0
276 4.311657148907812 0.5868788425511519 0
277 9.274945695048634 0.8244720833814614 0
278 0.1841491477274053 0.1841491477274826 0
279 9.258106154195778 0.154031795043537 0
280 0.8970412202329822 0.831088316075893 0
281 4.097635367586269 0.8316483726332093 0
282 0.7408673132568902 0.1664954875638295 0
283 0.4234649904828187 0.1752846531332425 0
284 3.65240559557011 0.1496674396243491 0
285 1.734116927168457 0.1493083488867532 0
286 4.933321617902971 0.1493024927005694 0
287 9.600746074377625 0.1641336043057 0
288 5.443386194626966 0.3538331402864254 0
289 3.805427139851985 0.6536898247165441 0
290 6.043386194625955 0.3538331402863393 0
291 6.643386194624928 0.3538331402862598 0
292 7.243386194623916 0.3538331402861809 0
293 7.844592890981369 0.6504301750946189 0
294 8.443386194623342 0.6461668597143178 0
295 3.155407109016849 0.34956982490504 0
296 2.556613805374661 0.3538331402854539 0
297 1.952920026281954 0.3516996049032788 0
298 9.597721520025621 0.8354693862471524 0
299 9.832916666666559 0.1670833333333023 0
300 9.832916666666746 0.832916666666675 0
301 4.560898755559768 0.8322419285555511 0
302 1.360898755566919 0.8322419285543864 0
303 9.038381610384397 0.6536408882586755 0
304 8.159508185981983 0.6470774068507993 0
305 8.758853658496813 0.6556250009684297 0
306 2.840491814016236 0.3529225931489082 0
307 2.240621395457955 0.3529534246493351 0
308 7.561443370261094 0.3524737064268675 0
309 6.959378604541808 0.3529534246500619 0
310 6.359378604542809 0.3529534246501871 0
311 5.759378604543823 0.3529534246503167 0
312 3.441310632856363 0.6467140080267184 0
313 5.154455194746196 0.3506063904000389 0
314 3.156317583097205 0.6491786272884003 0
315 7.843682416904563 0.3508213727109341 0
316 2.555554270070608 0.6509210441072794 0
317 8.444445729929862 0.3490789558922642 0
318 5.44444572994248 0.6509210441085755 0
319 6.044445729940413 0.6509210441085044 0
320 6.644445729938338 0.6509210441084359 0
321 7.244445729936274 0.6509210441083693 0
322 1.956661312459319 0.6516812738670946 0
323 0.7897673473389859 0.6569172656524965 0
324 3.996263141403487 0.6621741217672513 0
325 9.001191948594901 0.3452099333381903 0
326 5.165325086303724 0.652528035289206 0
327 5.761694455376796 0.6497841506455401 0
328 6.361694455374733 0.6497841506454188 0
329 6.96169445537268 0.6497841506453018 0
330 7.562700059950593 0.6515583884674524 0
331 3.434961855064508 0.3439821838196515 0
332 8.799767394969408 0.3443138267572256 0
333 8.161679732746071 0.3502405070946357 0
334 2.238305544634061 0.6497841506444031 0
335 2.838320267254902 0.6497594929049381 0
336 9.611855659625087 0.3845820748619618 0
337 4.812490693552189 0.6513335817793562 0
338 3.945410079580084 0.1522899224612123 0
339 0.1661055173753562 0.3427031641860137 0
340 9.636098987819389 0.5534071220492161 0
341 4.621550085178642 0.6421131828251721 0
342 1.423520104205141 0.6434670539940589 0
343 4.64964839935995 0.1512824278708843 0
344 1.449648399351596 0.1512824278704916 0
345 0.7124562149200868 0.347759212532523 0
346 1.618564329570273 0.6457724352927919 0
347 0.9113275386633541 0.1380542714328885 0
348 4.116619598053637 0.1429700927593985 0
349 9.865507812500097 0.6799088541663608 0
350 9.871596180701978 0.3114282305945544 0
351 4.481974299051755 0.1441697557830078 0
352 1.281974299051487 0.1441697557821602 0
353 0.1486818124470813 0.6457847311326066 0
354 3.920721107660309 0.3538622710526698 0
355 4.676178503718654 0.3490344206562956 0
356 1.476178503709787 0.3490344206527302 0
357 0.3478824502551568 0.8569226876150858 0
358 9.346312584618003 0.6316444825056804 0
359 4.81664033242804 0.3864113111058545 0
360 0.3302588463846968 0.4575343370864954 0
361 4.391804051900431 0.2920118629575041 0
362 1.012513932508376 0.2880603577307841 0
363 1.190001369672968 0.2902459299906161 0
364 4.212315042129639 0.2893403530020105 0
365 9.574781459402464 0.6688233553084624 0
366 1.60859733763895 0.3839879485830077 0
367 1.502868578838591 0.894332450102849 0
368 4.700000000016408 0.8983017651709672 0
369 0.3027549106826752 0.1189947373800202 0
370 0.111538856258099 0.8884611437415628 0
$EndNodes
$Elements
738
1 1 2 100 1 1 6
2 1 2 100 1 6 7
3 1 2 100 1 7 8
4 1 2 100 1 8 9
5 1 2 100 1 9 10
6 1 2 100 1 10 11
7 1 2 100 1 11 12
8 1 2 100 1 12 13
9 1 2 100 1 13 14
10 1 2 100 1 14 15
11 1 2 100 1 15 16
12 1 2 100 1 16 17
13 1 2 100 1 17 18
14 1 2 100 1 18 19
15 1 2 100 1 19 20
16 1 2 100 1 20 21
17 1 2 100 1 21 22
18 1 2 100 1 22 23
19 1 2 100 1 23 24
20 1 2 100 1 24 25
21 1 2 100 1 25 26
22 1 2 100 1 26 27
23 1 2 100 1 27 28
24 1 2 100 1 28 29
25 1 2 100 1 29 30
26 1 2 100 1 30 31
27 1 2 100 1 31 32
28 1 2 100 1 32 33
29 1 2 100 1 33 34
30 1 2 100 1 34 35
31 1 2 100 1 35 36
32 1 2 100 1 36 37
33 1 2 100 1 37 38
34 1 2 100 1 38 39
35 1 2 100 1 39 40
36 1 2 100 1 40 41
37 1 2 100 1 41 42
38 1 2 100 1 42 43
39 1 2 100 1 43 44
40 1 2 100 1 44 45
41 1 2 100 1 45 46
42 1 2 100 1 46 47
43 1 2 100 1 47 48
44 1 2 100 1 48 49
45 1 2 100 1 49 50
46 1 2 100 1 50 51
47 1 2 100 1 51 52
48 1 2 100 1 52 53
49 1 2 100 1 53 54
50 1 2 100 1 54 2
51 1 2 200 2 2 55
52 1 2 200 2 55 56
53 1 2 200 2 56 57
54 1 2 200 2 57 58
55 1 2 200 2 58 3
56 1 2 300 3 3 59
57 1 2 300 3 59 60
58 1 2 300 3 60 61
59 1 2 300 3 61 62
60 1 2 300 3 62 4
61 1 2 400 4 4 63
62 1 2 400 4 63 64
63 1 2 400 4 64 65
64 1 2 400 4 65 66
65 1 2 400 4 66 67
66 1 2 400 4 67 68
67 1 2 400 4 68 69
68 1 2 400 4 69 70
69 1 2 400 4 70 71
70 1 2 400 4 71 72
71 1 2 400 4 72 73
72 1 2 400 4 73 74
73 1 2 400 4 74 75
74 1 2 400 4 75 76
75 1 2 400 4 76 77
76 1 2 400 4 77 78
77 1 2 400 4 78 79
78 1 2 400 4 79 80
79 1 2 400 4 80 81
80 1 2 400 4 81 82
81 1 2 400 4 82 83
82 1 2 400 4 83 84
83 1 2 400 4 84 85
84 1 2 400 4 85 86
85 1 2 400 4 86 87
86 1 2 400 4 87 88
87 1 2 400 4 88 89
88 1 2 400 4 89 90
89 1 2 400 4 90 91
90 1 2 400 4 91 92
91 1 2 400 4 92 93
92 1 2 400 4 93 94
93 1 2 400 4 94 95
94 1 2 400 4 95 96
95 1 2 400 4 96 97
96 1 2 400 4 97 98
97 1 2 400 4 98 99
98 1 2 400 4 99 100
99 1 2 400 4 100 101
100 1 2 400 4 101 102
101 1 2 400 4 102 103
102 1 2 400 4 103 104
103 1 2 400 4 104 105
104 1 2 400 4 105 106
105 1 2 400 4 106 5
106 1 2 500 5 5 107
107 1 2 500 5 107 108
108 1 2 500 5 108 109
109 1 2 500 5 109 110
110 1 2 500 5 110 1
111 2 2 10 12 164 196 283
112 2 2 10 12 283 196 153
113 2 2 10 12 148 189 216
114 2 2 10 12 117 216 189
115 2 2 10 12 54 299 287
116 2 2 10 12 31 32 165
117 2 2 10 12 103 104 166
118 2 2 10 12 4 63 168
119 2 2 10 12 34 35 167
120 2 2 10 12 65 66 170
121 2 2 10 12 37 38 169
122 2 2 10 12 68 69 172
123 2 2 10 12 40 41 171
124 2 2 10 12 71 72 174
125 2 2 10 12 15 16 176
126 2 2 10 12 43 44 173
127 2 2 10 12 74 75 177
128 2 2 10 12 46 47 175
129 2 2 10 12 18 19 181
130 2 2 10 12 77 78 180
131 2 2 10 12 49 50 179
132 2 2 10 12 87 88 178
133 2 2 10 12 80 81 183
134 2 2 10 12 21 22 184
135 2 2 10 12 90 91 182
136 2 2 10 12 93 94 185
137 2 2 10 12 96 97 186
138 2 2 10 12 53 54 287
139 2 2 10 12 150 191 227
140 2 2 10 12 194 340 336
141 2 2 10 12 158 194 336
142 2 2 10 12 191 354 227
143 2 2 10 12 59 298 300
144 2 2 10 12 8 164 283
145 2 2 10 12 101 206 302
146 2 2 10 12 85 205 301
147 2 2 10 12 59 60 298
148 2 2 10 12 104 197 166
149 2 2 10 12 61 190 298
150 2 2 10 12 52 287 189
151 2 2 10 12 8 282 164
152 2 2 10 12 125 227 354
153 2 2 10 12 103 166 280
154 2 2 10 12 87 178 281
155 2 2 10 12 117 189 336
156 2 2 10 12 91 207 182
157 2 2 10 12 44 209 173
158 2 2 10 12 47 210 175
159 2 2 10 12 94 208 185
160 2 2 10 12 71 174 212
161 2 2 10 12 74 177 213
162 2 2 10 12 77 180 214
163 2 2 10 12 80 183 215
164 2 2 10 12 97 211 186
165 2 2 10 12 32 228 165
166 2 2 10 12 35 230 167
167 2 2 10 12 38 231 169
168 2 2 10 12 88 229 178
169 2 2 10 12 41 232 171
170 2 2 10 12 4 168 233
171 2 2 10 12 63 236 168
172 2 2 10 12 65 170 234
173 2 2 10 12 66 237 170
174 2 2 10 12 68 172 235
175 2 2 10 12 15 176 238
176 2 2 10 12 16 240 176
177 2 2 10 12 18 181 239
178 2 2 10 12 19 242 181
179 2 2 10 12 21 184 241
180 2 2 10 12 43 173 243
181 2 2 10 12 40 171 244
182 2 2 10 12 37 169 245
183 2 2 10 12 34 167 246
184 2 2 10 12 31 165 248
185 2 2 10 12 90 182 247
186 2 2 10 12 1 6 278
187 2 2 10 12 1 278 110
188 2 2 10 12 157 302 206
189 2 2 10 12 156 301 205
190 2 2 10 12 113 175 317
191 2 2 10 12 116 321 174
192 2 2 10 12 114 173 315
193 2 2 10 12 118 320 177
194 2 2 10 12 120 319 180
195 2 2 10 12 121 318 183
196 2 2 10 12 119 186 322
197 2 2 10 12 122 185 316
198 2 2 10 12 124 182 314
199 2 2 10 12 330 114 172
200 2 2 10 12 331 124 184
201 2 2 10 12 113 333 175
202 2 2 10 12 122 335 185
203 2 2 10 12 116 174 329
204 2 2 10 12 119 334 186
205 2 2 10 12 118 177 328
206 2 2 10 12 120 180 327
207 2 2 10 12 121 183 326
208 2 2 10 12 69 266 172
209 2 2 10 12 72 263 174
210 2 2 10 12 75 262 177
211 2 2 10 12 78 264 180
212 2 2 10 12 50 268 179
213 2 2 10 12 81 265 183
214 2 2 10 12 46 175 270
215 2 2 10 12 49 179 269
216 2 2 10 12 22 267 184
217 2 2 10 12 93 185 272
218 2 2 10 12 96 186 271
219 2 2 10 12 121 313 165
220 2 2 10 12 120 311 167
221 2 2 10 12 118 310 169
222 2 2 10 12 116 309 171
223 2 2 10 12 114 308 173
224 2 2 10 12 112 303 168
225 2 2 10 12 112 168 305
226 2 2 10 12 113 170 304
227 2 2 10 12 124 312 182
228 2 2 10 12 119 176 307
229 2 2 10 12 122 181 306
230 2 2 10 12 172 114 293
231 2 2 10 12 184 124 295
232 2 2 10 12 121 165 288
233 2 2 10 12 120 167 290
234 2 2 10 12 118 169 291
235 2 2 10 12 116 171 292
236 2 2 10 12 113 294 170
237 2 2 10 12 119 297 176
238 2 2 10 12 122 296 181
239 2 2 10 12 52 189 279
240 2 2 10 12 61 277 190
241 2 2 10 12 111 196 345
242 2 2 10 12 164 345 196
243 2 2 10 12 148 279 189
244 2 2 10 12 365 190 117
245 2 2 10 12 190 358 117
246 2 2 10 12 60 61 298
247 2 2 10 12 56 57 194
248 2 2 10 12 24 191 284
249 2 2 10 12 92 272 207
250 2 2 10 12 95 271 208
251 2 2 10 12 45 270 209
252 2 2 10 12 48 269 210
253 2 2 10 12 70 212 266
254 2 2 10 12 73 213 263
255 2 2 10 12 76 214 262
256 2 2 10 12 79 215 264
257 2 2 10 12 52 53 287
258 2 2 10 12 158 287 299
259 2 2 10 12 123 337 341
260 2 2 10 12 7 8 283
261 2 2 10 12 178 324 281
262 2 2 10 12 166 323 280
263 2 2 10 12 89 247 229
264 2 2 10 12 33 246 228
265 2 2 10 12 36 245 230
266 2 2 10 12 39 244 231
267 2 2 10 12 42 243 232
268 2 2 10 12 67 235 237
269 2 2 10 12 64 234 236
270 2 2 10 12 17 239 240
271 2 2 10 12 20 241 242
272 2 2 10 12 29 286 192
273 2 2 10 12 13 285 193
274 2 2 10 12 24 338 191
275 2 2 10 12 108 109 195
276 2 2 10 12 112 332 325
277 2 2 10 12 154 204 275
278 2 2 10 12 127 275 204
279 2 2 10 12 126 276 203
280 2 2 10 12 155 203 276
281 2 2 10 12 162 204 345
282 2 2 10 12 187 341 337
283 2 2 10 12 104 105 197
284 2 2 10 12 150 284 191
285 2 2 10 12 154 275 206
286 2 2 10 12 157 206 275
287 2 2 10 12 156 205 276
288 2 2 10 12 155 276 205
289 2 2 10 12 29 192 343
290 2 2 10 12 13 193 344
291 2 2 10 12 163 356 202
292 2 2 10 12 161 355 201
293 2 2 10 12 82 249 265
294 2 2 10 12 159 300 298
295 2 2 10 12 149 207 272
296 2 2 10 12 151 208 271
297 2 2 10 12 141 209 270
298 2 2 10 12 144 210 269
299 2 2 10 12 142 266 212
300 2 2 10 12 143 263 213
301 2 2 10 12 145 262 214
302 2 2 10 12 146 264 215
303 2 2 10 12 155 281 324
304 2 2 10 12 154 280 323
305 2 2 10 12 111 345 204
306 2 2 10 12 111 323 274
307 2 2 10 12 129 192 286
308 2 2 10 12 137 193 285
309 2 2 10 12 166 274 323
310 2 2 10 12 179 325 332
311 2 2 10 12 26 27 199
312 2 2 10 12 10 11 200
313 2 2 10 12 2 55 299
314 2 2 10 12 2 299 54
315 2 2 10 12 3 59 300
316 2 2 10 12 3 300 58
317 2 2 10 12 139 229 247
318 2 2 10 12 130 228 246
319 2 2 10 12 131 230 245
320 2 2 10 12 135 231 244
321 2 2 10 12 136 232 243
322 2 2 10 12 132 236 234
323 2 2 10 12 134 237 235
324 2 2 10 12 138 240 239
325 2 2 10 12 140 242 241
326 2 2 10 12 137 366 193
327 2 2 10 12 129 359 192
328 2 2 10 12 100 101 302
329 2 2 10 12 84 85 301
330 2 2 10 12 115 202 356
331 2 2 10 12 123 201 355
332 2 2 10 12 160 203 354
333 2 2 10 12 147 265 249
334 2 2 10 12 98 273 211
335 2 2 10 12 125 324 289
336 2 2 10 12 163 202 363
337 2 2 10 12 161 201 361
338 2 2 10 12 91 92 207
339 2 2 10 12 44 45 209
340 2 2 10 12 94 95 208
341 2 2 10 12 47 48 210
342 2 2 10 12 70 71 212
343 2 2 10 12 97 98 211
344 2 2 10 12 73 74 213
345 2 2 10 12 76 77 214
346 2 2 10 12 79 80 215
347 2 2 10 12 101 102 206
348 2 2 10 12 85 86 205
349 2 2 10 12 125 354 203
350 2 2 10 12 32 33 228
351 2 2 10 12 88 89 229
352 2 2 10 12 35 36 230
353 2 2 10 12 38 39 231
354 2 2 10 12 41 42 232
355 2 2 10 12 4 233 62
356 2 2 10 12 63 64 236
357 2 2 10 12 64 65 234
358 2 2 10 12 66 67 237
359 2 2 10 12 67 68 235
360 2 2 10 12 14 15 238
361 2 2 10 12 16 17 240
362 2 2 10 12 17 18 239
363 2 2 10 12 19 20 242
364 2 2 10 12 20 21 241
365 2 2 10 12 42 43 243
366 2 2 10 12 39 40 244
367 2 2 10 12 36 37 245
368 2 2 10 12 33 34 246
369 2 2 10 12 30 31 248
370 2 2 10 12 89 90 247
371 2 2 10 12 23 24 284
372 2 2 10 12 128 196 274
373 2 2 10 12 123 225 337
374 2 2 10 12 117 336 340
375 2 2 10 12 69 70 266
376 2 2 10 12 72 73 263
377 2 2 10 12 75 76 262
378 2 2 10 12 78 79 264
379 2 2 10 12 81 82 265
380 2 2 10 12 50 51 268
381 2 2 10 12 22 23 267
382 2 2 10 12 48 49 269
383 2 2 10 12 45 46 270
384 2 2 10 12 95 96 271
385 2 2 10 12 92 93 272
386 2 2 10 12 178 289 324
387 2 2 10 12 128 274 197
388 2 2 10 12 128 353 195
389 2 2 10 12 152 211 273
390 2 2 10 12 128 197 357
391 2 2 10 12 133 257 216
392 2 2 10 12 148 216 257
393 2 2 10 12 134 217 250
394 2 2 10 12 132 218 251
395 2 2 10 12 142 219 256
396 2 2 10 12 143 220 253
397 2 2 10 12 146 223 255
398 2 2 10 12 145 222 252
399 2 2 10 12 147 225 254
400 2 2 10 12 141 250 217
401 2 2 10 12 136 256 219
402 2 2 10 12 135 253 220
403 2 2 10 12 144 251 218
404 2 2 10 12 130 255 223
405 2 2 10 12 129 254 225
406 2 2 10 12 131 252 222
407 2 2 10 12 138 224 259
408 2 2 10 12 137 226 260
409 2 2 10 12 140 221 258
410 2 2 10 12 150 227 261
411 2 2 10 12 151 259 224
412 2 2 10 12 152 260 226
413 2 2 10 12 149 258 221
414 2 2 10 12 139 261 227
415 2 2 10 12 128 357 198
416 2 2 10 12 51 52 279
417 2 2 10 12 56 194 350
418 2 2 10 12 158 350 194
419 2 2 10 12 57 349 194
420 2 2 10 12 159 194 349
421 2 2 10 12 61 62 277
422 2 2 10 12 111 274 196
423 2 2 10 12 153 196 360
424 2 2 10 12 102 280 206
425 2 2 10 12 86 281 205
426 2 2 10 12 126 201 276
427 2 2 10 12 156 276 201
428 2 2 10 12 127 202 275
429 2 2 10 12 157 275 202
430 2 2 10 12 107 353 198
431 2 2 10 12 82 83 249
432 2 2 10 12 128 198 353
433 2 2 10 12 29 30 286
434 2 2 10 12 13 14 285
435 2 2 10 12 159 340 194
436 2 2 10 12 166 197 274
437 2 2 10 12 26 199 348
438 2 2 10 12 10 200 347
439 2 2 10 12 162 362 204
440 2 2 10 12 160 364 203
441 2 2 10 12 154 206 280
442 2 2 10 12 155 205 281
443 2 2 10 12 127 363 202
444 2 2 10 12 126 361 201
445 2 2 10 12 51 279 268
446 2 2 10 12 27 351 199
447 2 2 10 12 11 352 200
448 2 2 10 12 116 219 321
449 2 2 10 12 118 220 320
450 2 2 10 12 120 222 319
451 2 2 10 12 121 223 318
452 2 2 10 12 113 317 218
453 2 2 10 12 119 322 226
454 2 2 10 12 114 315 217
455 2 2 10 12 122 316 224
456 2 2 10 12 124 314 221
457 2 2 10 12 62 233 277
458 2 2 10 12 106 198 357
459 2 2 10 12 12 13 344
460 2 2 10 12 28 29 343
461 2 2 10 12 107 108 353
462 2 2 10 12 24 25 338
463 2 2 10 12 127 204 362
464 2 2 10 12 126 203 364
465 2 2 10 12 115 346 342
466 2 2 10 12 195 339 360
467 2 2 10 12 360 339 153
468 2 2 10 12 98 99 273
469 2 2 10 12 188 346 273
470 2 2 10 12 8 9 282
471 2 2 10 12 109 110 339
472 2 2 10 12 23 284 267
473 2 2 10 12 108 195 353
474 2 2 10 12 199 364 348
475 2 2 10 12 200 362 347
476 2 2 10 12 112 257 303
477 2 2 10 12 112 305 251
478 2 2 10 12 113 304 250
479 2 2 10 12 114 256 308
480 2 2 10 12 119 307 259
481 2 2 10 12 116 253 309
482 2 2 10 12 122 306 258
483 2 2 10 12 118 252 310
484 2 2 10 12 120 255 311
485 2 2 10 12 121 254 313
486 2 2 10 12 124 261 312
487 2 2 10 12 128 195 360
488 2 2 10 12 157 202 342
489 2 2 10 12 115 342 202
490 2 2 10 12 123 341 201
491 2 2 10 12 156 201 341
492 2 2 10 12 133 277 233
493 2 2 10 12 83 368 249
494 2 2 10 12 187 249 368
495 2 2 10 12 109 339 195
496 2 2 10 12 105 106 357
497 2 2 10 12 121 288 223
498 2 2 10 12 120 290 222
499 2 2 10 12 125 289 227
500 2 2 10 12 118 291 220
501 2 2 10 12 116 292 219
502 2 2 10 12 113 218 294
503 2 2 10 12 114 217 293
504 2 2 10 12 119 226 297
505 2 2 10 12 122 224 296
506 2 2 10 12 124 221 295
507 2 2 10 12 188 273 367
508 2 2 10 12 14 238 285
509 2 2 10 12 30 248 286
510 2 2 10 12 152 273 346
511 2 2 10 12 128 360 196
512 2 2 10 12 111 204 323
513 2 2 10 12 154 323 204
514 2 2 10 12 125 203 324
515 2 2 10 12 155 324 203
516 2 2 10 12 199 351 361
517 2 2 10 12 200 352 363
518 2 2 10 12 110 278 339
519 2 2 10 12 133 358 277
520 2 2 10 12 190 277 358
521 2 2 10 12 148 268 279
522 2 2 10 12 153 278 369
523 2 2 10 12 137 285 238
524 2 2 10 12 129 286 248
525 2 2 10 12 117 358 216
526 2 2 10 12 188 342 346
527 2 2 10 12 102 103 280
528 2 2 10 12 86 87 281
529 2 2 10 12 130 288 228
530 2 2 10 12 165 228 288
531 2 2 10 12 131 290 230
532 2 2 10 12 167 230 290
533 2 2 10 12 135 291 231
534 2 2 10 12 169 231 291
535 2 2 10 12 139 289 229
536 2 2 10 12 178 229 289
537 2 2 10 12 136 292 232
538 2 2 10 12 171 232 292
539 2 2 10 12 170 294 234
540 2 2 10 12 172 293 235
541 2 2 10 12 132 234 294
542 2 2 10 12 134 235 293
543 2 2 10 12 184 295 241
544 2 2 10 12 181 296 239
545 2 2 10 12 176 297 238
546 2 2 10 12 138 239 296
547 2 2 10 12 137 238 297
548 2 2 10 12 140 241 295
549 2 2 10 12 153 369 283
550 2 2 10 12 99 367 273
551 2 2 10 12 107 198 370
552 2 2 10 12 106 370 198
553 2 2 10 12 105 357 197
554 2 2 10 12 114 330 256
555 2 2 10 12 116 329 253
556 2 2 10 12 118 328 252
557 2 2 10 12 112 251 332
558 2 2 10 12 120 327 255
559 2 2 10 12 121 326 254
560 2 2 10 12 112 325 257
561 2 2 10 12 113 250 333
562 2 2 10 12 124 331 261
563 2 2 10 12 119 259 334
564 2 2 10 12 122 258 335
565 2 2 10 12 149 314 207
566 2 2 10 12 151 316 208
567 2 2 10 12 141 315 209
568 2 2 10 12 144 317 210
569 2 2 10 12 152 322 211
570 2 2 10 12 142 212 321
571 2 2 10 12 143 213 320
572 2 2 10 12 145 214 319
573 2 2 10 12 146 215 318
574 2 2 10 12 149 221 314
575 2 2 10 12 151 224 316
576 2 2 10 12 141 217 315
577 2 2 10 12 144 218 317
578 2 2 10 12 152 226 322
579 2 2 10 12 142 321 219
580 2 2 10 12 143 320 220
581 2 2 10 12 145 319 222
582 2 2 10 12 146 318 223
583 2 2 10 12 115 260 346
584 2 2 10 12 130 223 288
585 2 2 10 12 139 227 289
586 2 2 10 12 131 222 290
587 2 2 10 12 135 220 291
588 2 2 10 12 136 219 292
589 2 2 10 12 134 293 217
590 2 2 10 12 132 294 218
591 2 2 10 12 140 295 221
592 2 2 10 12 138 296 224
593 2 2 10 12 137 297 226
594 2 2 10 12 187 301 341
595 2 2 10 12 156 341 301
596 2 2 10 12 157 342 302
597 2 2 10 12 188 302 342
598 2 2 10 12 168 236 305
599 2 2 10 12 132 305 236
600 2 2 10 12 170 237 304
601 2 2 10 12 168 303 233
602 2 2 10 12 134 304 237
603 2 2 10 12 133 233 303
604 2 2 10 12 176 240 307
605 2 2 10 12 181 242 306
606 2 2 10 12 138 307 240
607 2 2 10 12 140 306 242
608 2 2 10 12 136 243 308
609 2 2 10 12 173 308 243
610 2 2 10 12 135 244 309
611 2 2 10 12 171 309 244
612 2 2 10 12 131 245 310
613 2 2 10 12 169 310 245
614 2 2 10 12 130 246 311
615 2 2 10 12 167 311 246
616 2 2 10 12 129 248 313
617 2 2 10 12 165 313 248
618 2 2 10 12 139 247 312
619 2 2 10 12 182 312 247
620 2 2 10 12 55 56 350
621 2 2 10 12 57 58 349
622 2 2 10 12 172 266 330
623 2 2 10 12 142 330 266
624 2 2 10 12 174 263 329
625 2 2 10 12 143 329 263
626 2 2 10 12 177 262 328
627 2 2 10 12 145 328 262
628 2 2 10 12 180 264 327
629 2 2 10 12 146 327 264
630 2 2 10 12 183 265 326
631 2 2 10 12 147 326 265
632 2 2 10 12 179 268 325
633 2 2 10 12 148 325 268
634 2 2 10 12 184 267 331
635 2 2 10 12 150 331 267
636 2 2 10 12 144 269 332
637 2 2 10 12 179 332 269
638 2 2 10 12 141 270 333
639 2 2 10 12 175 333 270
640 2 2 10 12 151 271 334
641 2 2 10 12 186 334 271
642 2 2 10 12 149 272 335
643 2 2 10 12 185 335 272
644 2 2 10 12 150 267 284
645 2 2 10 12 129 225 359
646 2 2 10 12 182 207 314
647 2 2 10 12 185 208 316
648 2 2 10 12 173 209 315
649 2 2 10 12 175 210 317
650 2 2 10 12 186 211 322
651 2 2 10 12 174 321 212
652 2 2 10 12 177 320 213
653 2 2 10 12 180 319 214
654 2 2 10 12 183 318 215
655 2 2 10 12 187 337 249
656 2 2 10 12 147 249 337
657 2 2 10 12 147 337 225
658 2 2 10 12 137 260 366
659 2 2 10 12 134 250 304
660 2 2 10 12 132 251 305
661 2 2 10 12 133 303 257
662 2 2 10 12 140 258 306
663 2 2 10 12 138 259 307
664 2 2 10 12 136 308 256
665 2 2 10 12 135 309 253
666 2 2 10 12 131 310 252
667 2 2 10 12 130 311 255
668 2 2 10 12 139 312 261
669 2 2 10 12 129 313 254
670 2 2 10 12 27 28 351
671 2 2 10 12 11 12 352
672 2 2 10 12 123 359 225
673 2 2 10 12 9 10 347
674 2 2 10 12 25 26 348
675 2 2 10 12 147 254 326
676 2 2 10 12 146 255 327
677 2 2 10 12 145 252 328
678 2 2 10 12 143 253 329
679 2 2 10 12 142 256 330
680 2 2 10 12 148 257 325
681 2 2 10 12 150 261 331
682 2 2 10 12 144 332 251
683 2 2 10 12 141 333 250
684 2 2 10 12 151 334 259
685 2 2 10 12 149 335 258
686 2 2 10 12 192 355 343
687 2 2 10 12 161 343 355
688 2 2 10 12 193 356 344
689 2 2 10 12 163 344 356
690 2 2 10 12 191 338 354
691 2 2 10 12 160 354 338
692 2 2 10 12 117 340 365
693 2 2 10 12 162 282 347
694 2 2 10 12 9 347 282
695 2 2 10 12 164 282 345
696 2 2 10 12 162 345 282
697 2 2 10 12 160 348 364
698 2 2 10 12 162 347 362
699 2 2 10 12 5 107 370
700 2 2 10 12 5 370 106
701 2 2 10 12 200 363 362
702 2 2 10 12 127 362 363
703 2 2 10 12 126 364 361
704 2 2 10 12 199 361 364
705 2 2 10 12 6 7 369
706 2 2 10 12 99 100 367
707 2 2 10 12 83 84 368
708 2 2 10 12 133 216 358
709 2 2 10 12 152 346 260
710 2 2 10 12 115 366 260
711 2 2 10 12 161 361 351
712 2 2 10 12 163 363 352
713 2 2 10 12 153 339 278
714 2 2 10 12 158 336 287
715 2 2 10 12 189 287 336
716 2 2 10 12 55 350 299
717 2 2 10 12 58 300 349
718 2 2 10 12 6 369 278
719 2 2 10 12 159 349 300
720 2 2 10 12 158 299 350
721 2 2 10 12 25 348 338
722 2 2 10 12 160 338 348
723 2 2 10 12 28 343 351
724 2 2 10 12 12 344 352
725 2 2 10 12 123 355 359
726 2 2 10 12 7 283 369
727 2 2 10 12 161 351 343
728 2 2 10 12 163 352 344
729 2 2 10 12 115 356 366
730 2 2 10 12 159 298 365
731 2 2 10 12 190 365 298
732 2 2 10 12 84 301 368
733 2 2 10 12 187 368 301
734 2 2 10 12 188 367 302
735 2 2 10 12 100 302 367
736 2 2 10 12 159 365 340
737 2 2 10 12 192 359 355
738 2 2 10 12 193 366 356
$EndElements
